{
 "cells": [
  {
   "cell_type": "code",
   "execution_count": 1,
   "source": [
    "import pandas as pd\r\n",
    "import numpy as np\r\n",
    "import random\r\n",
    "import seaborn as sns\r\n",
    "import matplotlib.pyplot as plt\r\n",
    "from bayesian.save_bn import save_structure, save_params, read_structure, read_params\r\n",
    "from bayesian.train_bn import parameter_learning, component\r\n",
    "from sklearn.model_selection import train_test_split\r\n",
    "from gmr import GMM\r\n",
    "from gmr.utils import check_random_state\r\n",
    "from scipy import stats\r\n",
    "from sklearn.datasets import make_spd_matrix, make_sparse_spd_matrix\r\n",
    "from external.libpgm.hybayesiannetwork import HyBayesianNetwork\r\n",
    "from bayesian.calculate_accuracy import calculate_acc, parall_accuracy\r\n",
    "import cpuinfo\r\n",
    "from scipy import integrate\r\n",
    "import math\r\n",
    "from scipy.linalg import sqrtm\r\n",
    "from mpl_toolkits.mplot3d import Axes3D \r\n",
    "from bayesian.train_bn import structure_learning, parameter_learning, parameter_learning_mix, component, n_component\r\n",
    "from preprocess.discretization import get_nodes_type, discretization, inverse_discretization, code_categories, get_nodes_sign\r\n",
    "from bayesian.save_bn import save_structure, save_params, read_structure, read_params\r\n",
    "from external.libpgm.hybayesiannetwork import HyBayesianNetwork\r\n",
    "from bayesian.calculate_accuracy import calculate_acc, LOO_validation, parall_accuracy\r\n",
    "from joblib import Parallel, delayed\r\n",
    "import cpuinfo\r\n",
    "import ipywidgets as widgets\r\n",
    "from ipywidgets import interact"
   ],
   "outputs": [],
   "metadata": {}
  },
  {
   "cell_type": "code",
   "execution_count": 2,
   "source": [
    "rmse_all = [{'C1': 0.037, 'C2': 0.05, 'C3': 0.635},\r\n",
    " {'C1': 0.826, 'C2': 0.033, 'C3': 0.015},\r\n",
    " {'C1': 0.015, 'C2': 0.028, 'C3': 0.817},\r\n",
    " {'C1': 0.019, 'C2': 0.076, 'C3': 0.626},\r\n",
    " {'C1': 0.077, 'C2': 0.015, 'C3': 1.0},\r\n",
    " {'C1': 0.023, 'C2': 0.056, 'C3': 0.999},\r\n",
    " {'C1': 0.008, 'C2': 0.584, 'C3': 0.043},\r\n",
    " {'C1': 0.087, 'C2': 0.025, 'C3': 1.013},\r\n",
    " {'C1': 0.013, 'C2': 0.732, 'C3': 0.025},\r\n",
    " {'C1': 0.023, 'C2': 0.409, 'C3': 0.945},\r\n",
    " {'C1': 0.038, 'C2': 0.056, 'C3': 0.728},\r\n",
    " {'C1': 0.013, 'C2': 0.021, 'C3': 0.998},\r\n",
    " {'C1': 0.47, 'C2': 1.002, 'C3': 0.027},\r\n",
    " {'C1': 0.062, 'C2': 0.818, 'C3': 0.04},\r\n",
    " {'C1': 0.646, 'C2': 0.027, 'C3': 0.064},\r\n",
    " {'C1': 0.823, 'C2': 0.016, 'C3': 0.012},\r\n",
    " {'C1': 0.783, 'C2': 0.019, 'C3': 0.025},\r\n",
    " {'C1': 0.023, 'C2': 0.025, 'C3': 0.835},\r\n",
    " {'C1': 0.025, 'C2': 0.605, 'C3': 0.035},\r\n",
    " {'C1': 1.003, 'C2': 0.032, 'C3': 0.029},\r\n",
    " {'C1': 0.034, 'C2': 0.421, 'C3': 0.87},\r\n",
    " {'C1': 0.475, 'C2': 0.835, 'C3': 0.022},\r\n",
    " {'C1': 0.917, 'C2': 0.056, 'C3': 0.025},\r\n",
    " {'C1': 0.999, 'C2': 0.035, 'C3': 0.01},\r\n",
    " {'C1': 0.015, 'C2': 0.039, 'C3': 0.846},\r\n",
    " {'C1': 0.017, 'C2': 0.023, 'C3': 0.833},\r\n",
    " {'C1': 0.033, 'C2': 0.637, 'C3': 0.014},\r\n",
    " {'C1': 0.654, 'C2': 0.058, 'C3': 0.015},\r\n",
    " {'C1': 0.583, 'C2': 0.05, 'C3': 0.024},\r\n",
    " {'C1': 1.001, 'C2': 0.045, 'C3': 0.038},\r\n",
    " {'C1': 0.034, 'C2': 0.857, 'C3': 0.102},\r\n",
    " {'C1': 0.014, 'C2': 0.026, 'C3': 1.0},\r\n",
    " {'C1': 0.022, 'C2': 0.635, 'C3': 0.018},\r\n",
    " {'C1': 0.096, 'C2': 0.032, 'C3': 0.836},\r\n",
    " {'C1': 0.018, 'C2': 0.03, 'C3': 0.652},\r\n",
    " {'C1': 0.052, 'C2': 0.027, 'C3': 0.787},\r\n",
    " {'C1': 0.637, 'C2': 0.027, 'C3': 0.014},\r\n",
    " {'C1': 0.041, 'C2': 0.023, 'C3': 0.86},\r\n",
    " {'C1': 0.075, 'C2': 0.842, 'C3': 0.031},\r\n",
    " {'C1': 0.017, 'C2': 0.033, 'C3': 0.832},\r\n",
    " {'C1': 0.673, 'C2': 0.032, 'C3': 0.647},\r\n",
    " {'C1': 1.008, 'C2': 0.03, 'C3': 0.108},\r\n",
    " {'C1': 1.006, 'C2': 0.288, 'C3': 0.017},\r\n",
    " {'C1': 0.846, 'C2': 0.079, 'C3': 0.025},\r\n",
    " {'C1': 0.831, 'C2': 0.02, 'C3': 0.011},\r\n",
    " {'C1': 0.014, 'C2': 0.04, 'C3': 0.895},\r\n",
    " {'C1': 0.023, 'C2': 0.039, 'C3': 0.628},\r\n",
    " {'C1': 0.012, 'C2': 0.927, 'C3': 0.364},\r\n",
    " {'C1': 0.01, 'C2': 0.027, 'C3': 0.907},\r\n",
    " {'C1': 0.02, 'C2': 0.999, 'C3': 0.051},\r\n",
    " {'C1': 0.11, 'C2': 0.532, 'C3': 0.045},\r\n",
    " {'C1': 1.0, 'C2': 0.022, 'C3': 0.116},\r\n",
    " {'C1': 0.079, 'C2': 0.838, 'C3': 0.054},\r\n",
    " {'C1': 0.08, 'C2': 1.006, 'C3': 0.017},\r\n",
    " {'C1': 0.852, 'C2': 0.026, 'C3': 0.009},\r\n",
    " {'C1': 0.01, 'C2': 0.031, 'C3': 0.829},\r\n",
    " {'C1': 0.109, 'C2': 0.031, 'C3': 0.622},\r\n",
    " {'C1': 0.044, 'C2': 0.04, 'C3': 1.007},\r\n",
    " {'C1': 0.016, 'C2': 0.757, 'C3': 0.03},\r\n",
    " {'C1': 0.023, 'C2': 1.001, 'C3': 0.015},\r\n",
    " {'C1': 0.022, 'C2': 0.81, 'C3': 0.014},\r\n",
    " {'C1': 0.019, 'C2': 0.083, 'C3': 0.804},\r\n",
    " {'C1': 0.017, 'C2': 0.026, 'C3': 0.555},\r\n",
    " {'C1': 0.81, 'C2': 0.086, 'C3': 0.022},\r\n",
    " {'C1': 0.014, 'C2': 0.025, 'C3': 1.002},\r\n",
    " {'C1': 0.04, 'C2': 0.015, 'C3': 0.84},\r\n",
    " {'C1': 0.354, 'C2': 0.907, 'C3': 0.045},\r\n",
    " {'C1': 0.031, 'C2': 0.053, 'C3': 0.999},\r\n",
    " {'C1': 1.002, 'C2': 0.065, 'C3': 0.013},\r\n",
    " {'C1': 0.036, 'C2': 0.051, 'C3': 0.805},\r\n",
    " {'C1': 0.012, 'C2': 0.025, 'C3': 0.592},\r\n",
    " {'C1': 0.039, 'C2': 0.106, 'C3': 0.835},\r\n",
    " {'C1': 0.893, 'C2': 0.146, 'C3': 0.019},\r\n",
    " {'C1': 0.012, 'C2': 0.084, 'C3': 0.585},\r\n",
    " {'C1': 0.036, 'C2': 0.126, 'C3': 0.72},\r\n",
    " {'C1': 0.066, 'C2': 0.014, 'C3': 0.568},\r\n",
    " {'C1': 1.021, 'C2': 0.008, 'C3': 0.047},\r\n",
    " {'C1': 0.603, 'C2': 0.092, 'C3': 0.01},\r\n",
    " {'C1': 0.048, 'C2': 0.015, 'C3': 0.839},\r\n",
    " {'C1': 0.064, 'C2': 0.628, 'C3': 0.019},\r\n",
    " {'C1': 0.973, 'C2': 0.057, 'C3': 0.017},\r\n",
    " {'C1': 0.883, 'C2': 0.031, 'C3': 0.013},\r\n",
    " {'C1': 0.029, 'C2': 0.038, 'C3': 0.999},\r\n",
    " {'C1': 0.361, 'C2': 0.838, 'C3': 0.025},\r\n",
    " {'C1': 0.031, 'C2': 0.025, 'C3': 1.002},\r\n",
    " {'C1': 0.012, 'C2': 0.014, 'C3': 0.835},\r\n",
    " {'C1': 0.074, 'C2': 0.059, 'C3': 0.665},\r\n",
    " {'C1': 0.018, 'C2': 0.888, 'C3': 0.027},\r\n",
    " {'C1': 0.03, 'C2': 0.024, 'C3': 0.638},\r\n",
    " {'C1': 0.026, 'C2': 0.025, 'C3': 0.776},\r\n",
    " {'C1': 1.003, 'C2': 0.025, 'C3': 0.017},\r\n",
    " {'C1': 0.066, 'C2': 0.622, 'C3': 0.012},\r\n",
    " {'C1': 0.031, 'C2': 0.07, 'C3': 0.824},\r\n",
    " {'C1': 0.022, 'C2': 0.02, 'C3': 0.836},\r\n",
    " {'C1': 0.01, 'C2': 0.083, 'C3': 0.761},\r\n",
    " {'C1': 0.853, 'C2': 0.029, 'C3': 0.037},\r\n",
    " {'C1': 0.124, 'C2': 0.163, 'C3': 0.831},\r\n",
    " {'C1': 0.02, 'C2': 0.089, 'C3': 1.002},\r\n",
    " {'C1': 0.028, 'C2': 0.037, 'C3': 0.823},\r\n",
    " {'C1': 0.015, 'C2': 0.048, 'C3': 0.842}]"
   ],
   "outputs": [],
   "metadata": {}
  },
  {
   "cell_type": "code",
   "execution_count": 3,
   "source": [
    "rmse_simple = [{'C1': 0.156, 'C2': 0.217, 'C3': 0.735},\r\n",
    " {'C1': 0.873, 'C2': 0.65, 'C3': 0.044},\r\n",
    " {'C1': 0.033, 'C2': 0.811, 'C3': 0.823},\r\n",
    " {'C1': 0.036, 'C2': 0.993, 'C3': 0.684},\r\n",
    " {'C1': 0.862, 'C2': 0.061, 'C3': 0.897},\r\n",
    " {'C1': 1.003, 'C2': 0.086, 'C3': 0.987},\r\n",
    " {'C1': 0.03, 'C2': 0.486, 'C3': 0.66},\r\n",
    " {'C1': 0.277, 'C2': 0.088, 'C3': 1.01},\r\n",
    " {'C1': 0.724, 'C2': 0.807, 'C3': 0.027},\r\n",
    " {'C1': 0.705, 'C2': 0.074, 'C3': 0.352},\r\n",
    " {'C1': 0.769, 'C2': 0.263, 'C3': 0.143},\r\n",
    " {'C1': 0.686, 'C2': 0.102, 'C3': 1.0},\r\n",
    " {'C1': 0.556, 'C2': 1.0, 'C3': 0.618},\r\n",
    " {'C1': 0.148, 'C2': 0.815, 'C3': 0.804},\r\n",
    " {'C1': 0.738, 'C2': 0.826, 'C3': 0.075},\r\n",
    " {'C1': 0.86, 'C2': 0.455, 'C3': 0.066},\r\n",
    " {'C1': 0.1, 'C2': 0.428, 'C3': 0.629},\r\n",
    " {'C1': 0.195, 'C2': 0.127, 'C3': 0.835},\r\n",
    " {'C1': 0.741, 'C2': 0.651, 'C3': 0.062},\r\n",
    " {'C1': 1.002, 'C2': 0.51, 'C3': 0.093},\r\n",
    " {'C1': 0.531, 'C2': 0.594, 'C3': 0.072},\r\n",
    " {'C1': 0.788, 'C2': 0.86, 'C3': 0.295},\r\n",
    " {'C1': 0.848, 'C2': 0.902, 'C3': 0.092},\r\n",
    " {'C1': 0.209, 'C2': 0.085, 'C3': 0.8},\r\n",
    " {'C1': 0.82, 'C2': 0.364, 'C3': 0.078},\r\n",
    " {'C1': 0.831, 'C2': 0.555, 'C3': 0.055},\r\n",
    " {'C1': 0.326, 'C2': 0.062, 'C3': 0.672},\r\n",
    " {'C1': 0.641, 'C2': 0.304, 'C3': 0.241},\r\n",
    " {'C1': 0.254, 'C2': 0.608, 'C3': 0.037},\r\n",
    " {'C1': 0.341, 'C2': 0.094, 'C3': 0.888},\r\n",
    " {'C1': 0.189, 'C2': 0.312, 'C3': 1.006},\r\n",
    " {'C1': 0.038, 'C2': 0.622, 'C3': 1.002},\r\n",
    " {'C1': 0.04, 'C2': 0.652, 'C3': 0.713},\r\n",
    " {'C1': 0.31, 'C2': 0.55, 'C3': 0.354},\r\n",
    " {'C1': 0.71, 'C2': 0.59, 'C3': 0.061},\r\n",
    " {'C1': 0.072, 'C2': 0.566, 'C3': 0.841},\r\n",
    " {'C1': 0.071, 'C2': 0.206, 'C3': 0.857},\r\n",
    " {'C1': 0.044, 'C2': 0.589, 'C3': 0.869},\r\n",
    " {'C1': 0.159, 'C2': 0.232, 'C3': 0.667},\r\n",
    " {'C1': 0.049, 'C2': 0.479, 'C3': 0.842},\r\n",
    " {'C1': 0.667, 'C2': 0.548, 'C3': 0.041},\r\n",
    " {'C1': 1.003, 'C2': 0.608, 'C3': 0.209},\r\n",
    " {'C1': 0.073, 'C2': 0.583, 'C3': 0.854},\r\n",
    " {'C1': 0.848, 'C2': 0.459, 'C3': 0.103},\r\n",
    " {'C1': 0.046, 'C2': 0.447, 'C3': 0.826},\r\n",
    " {'C1': 0.929, 'C2': 0.585, 'C3': 0.058},\r\n",
    " {'C1': 0.668, 'C2': 0.063, 'C3': 0.718},\r\n",
    " {'C1': 0.387, 'C2': 0.075, 'C3': 0.615},\r\n",
    " {'C1': 0.681, 'C2': 0.411, 'C3': 0.039},\r\n",
    " {'C1': 0.655, 'C2': 0.999, 'C3': 0.118},\r\n",
    " {'C1': 0.924, 'C2': 0.042, 'C3': 1.003},\r\n",
    " {'C1': 1.002, 'C2': 0.805, 'C3': 0.072},\r\n",
    " {'C1': 0.454, 'C2': 0.111, 'C3': 0.996},\r\n",
    " {'C1': 0.842, 'C2': 0.955, 'C3': 0.07},\r\n",
    " {'C1': 0.703, 'C2': 0.999, 'C3': 0.023},\r\n",
    " {'C1': 0.499, 'C2': 0.049, 'C3': 0.854},\r\n",
    " {'C1': 0.826, 'C2': 0.698, 'C3': 0.127},\r\n",
    " {'C1': 0.053, 'C2': 0.638, 'C3': 1.014},\r\n",
    " {'C1': 0.083, 'C2': 0.551, 'C3': 1.001},\r\n",
    " {'C1': 0.594, 'C2': 0.06, 'C3': 0.497},\r\n",
    " {'C1': 0.121, 'C2': 0.219, 'C3': 0.838},\r\n",
    " {'C1': 0.144, 'C2': 0.567, 'C3': 0.833},\r\n",
    " {'C1': 1.025, 'C2': 0.038, 'C3': 0.206},\r\n",
    " {'C1': 0.847, 'C2': 0.466, 'C3': 0.095},\r\n",
    " {'C1': 0.867, 'C2': 0.829, 'C3': 0.039},\r\n",
    " {'C1': 0.991, 'C2': 0.832, 'C3': 0.077},\r\n",
    " {'C1': 0.713, 'C2': 0.922, 'C3': 0.074},\r\n",
    " {'C1': 0.247, 'C2': 1.0, 'C3': 0.243},\r\n",
    " {'C1': 0.69, 'C2': 0.121, 'C3': 0.845},\r\n",
    " {'C1': 0.131, 'C2': 1.002, 'C3': 0.332},\r\n",
    " {'C1': 0.092, 'C2': 0.394, 'C3': 0.607},\r\n",
    " {'C1': 0.057, 'C2': 0.831, 'C3': 0.819},\r\n",
    " {'C1': 0.882, 'C2': 0.168, 'C3': 0.514},\r\n",
    " {'C1': 0.137, 'C2': 0.491, 'C3': 0.569},\r\n",
    " {'C1': 0.516, 'C2': 1.003, 'C3': 0.067},\r\n",
    " {'C1': 0.284, 'C2': 0.099, 'C3': 0.715},\r\n",
    " {'C1': 1.008, 'C2': 0.09, 'C3': 0.306},\r\n",
    " {'C1': 0.752, 'C2': 0.332, 'C3': 0.06},\r\n",
    " {'C1': 0.075, 'C2': 0.806, 'C3': 0.654},\r\n",
    " {'C1': 0.085, 'C2': 0.533, 'C3': 0.65},\r\n",
    " {'C1': 0.914, 'C2': 0.837, 'C3': 0.028},\r\n",
    " {'C1': 0.023, 'C2': 0.759, 'C3': 0.871},\r\n",
    " {'C1': 0.046, 'C2': 1.003, 'C3': 0.671},\r\n",
    " {'C1': 0.969, 'C2': 0.809, 'C3': 0.062},\r\n",
    " {'C1': 0.193, 'C2': 0.267, 'C3': 1.002},\r\n",
    " {'C1': 0.585, 'C2': 0.029, 'C3': 0.88},\r\n",
    " {'C1': 0.169, 'C2': 0.23, 'C3': 0.713},\r\n",
    " {'C1': 0.346, 'C2': 0.849, 'C3': 0.046},\r\n",
    " {'C1': 0.046, 'C2': 0.851, 'C3': 0.619},\r\n",
    " {'C1': 0.109, 'C2': 0.246, 'C3': 0.808},\r\n",
    " {'C1': 1.005, 'C2': 0.043, 'C3': 0.834},\r\n",
    " {'C1': 0.112, 'C2': 0.417, 'C3': 0.862},\r\n",
    " {'C1': 0.137, 'C2': 0.601, 'C3': 0.818},\r\n",
    " {'C1': 0.047, 'C2': 0.579, 'C3': 0.826},\r\n",
    " {'C1': 0.087, 'C2': 1.004, 'C3': 0.515},\r\n",
    " {'C1': 0.841, 'C2': 0.043, 'C3': 0.902},\r\n",
    " {'C1': 0.286, 'C2': 0.17, 'C3': 0.873},\r\n",
    " {'C1': 0.115, 'C2': 0.48, 'C3': 1.002},\r\n",
    " {'C1': 0.827, 'C2': 0.053, 'C3': 0.896},\r\n",
    " {'C1': 0.024, 'C2': 0.68, 'C3': 0.882}]"
   ],
   "outputs": [],
   "metadata": {}
  },
  {
   "cell_type": "code",
   "execution_count": 4,
   "source": [
    "dist_matrix = [[[5.942443719276511, 9772.20534599404, 46356.6761449319], [9772.20534599404, 5.792116843434433, 67055.61215143019], [46356.6761449319, 67055.61215143019, 5.488069353827955]], [[6.422343023073146, 19083.95013935895, 88797.47557285536], [19083.95013935895, 6.047613198176526, 29172.917128273293], [88797.47557285536, 29172.917128273293, 5.7120663696072285]], [[6.125659148272512, 29071.999070585396, 101962.80339934606], [29071.999070585396, 6.067148880992065, 19905.22933431278], [101962.80339934606, 19905.22933431278, 6.1702210699791165]], [[6.201387354657573, 29785.147995397416, 85351.03831924073], [29785.147995397416, 6.546976239918345, 5523.294952563756], [85351.03831924073, 5523.294952563756, 5.896855488474463]], [[6.427706374918489, 754.1395421995909, 23484.662816976634], [754.1395421995909, 5.874265593957857, 14689.49660945415], [23484.662816976634, 14689.49660945415, 6.758244281218452]], [[6.919415858845917, 24138.991743301456, 51776.03513627094], [24138.991743301456, 6.2342410993675, 6549.844568881161], [51776.03513627094, 6549.844568881161, 5.965784100394292]], [[6.892418193992784, 40128.120617482164, 231488.91749616608], [40128.120617482164, 5.9653244632850795, 68567.42943744115], [231488.91749616608, 68567.42943744115, 5.632178027358853]], [[5.252447556927152, 10011.423470175223, 14244.08445504839], [10011.423470175223, 6.054734387962318, 32298.325469040403], [14244.08445504839, 32298.325469040403, 6.151917650642286]], [[5.795105275977729, 10934.455372516084, 29798.453231358297], [10934.455372516084, 6.425065974846126, 40076.50995973249], [29798.453231358297, 40076.50995973249, 5.958920824689102]], [[5.805211255847151, 27544.15437432097, 27391.022908266772], [27544.15437432097, 5.326167578487081, 10746.495494460636], [27391.022908266772, 10746.495494460636, 5.6169437724044275]], [[5.294182795908151, 36744.618421986655, 5801.632158132937], [36744.618421986655, 5.279966389985625, 16110.359388906676], [5801.632158132937, 16110.359388906676, 5.990023568435158]], [[5.474347489759199, 74467.33435969485, 81146.43580976274], [74467.33435969485, 6.755225265033353, 15514.118948451793], [81146.43580976274, 15514.118948451793, 6.433827126619862]], [[5.680716880104643, 12678.603880684403, 10183.759345927587], [12678.603880684403, 7.019353379042345, 7407.511974799165], [10183.759345927587, 7407.511974799165, 6.152341850358799]], [[6.022130605961753, 153594.95635591683, 17114.348806816408], [153594.95635591683, 5.5181013071192595, 59720.3526923865], [17114.348806816408, 59720.3526923865, 5.9146769292630115]], [[6.184519863617045, 24909.122472812407, 39555.79502780683], [24909.122472812407, 5.795729463893096, 5590.9749769664595], [39555.79502780683, 5590.9749769664595, 5.820234660494424]], [[5.5640425583982, 151444.79952201838, 69503.46580100441], [151444.79952201838, 5.629669019919656, 18797.934351196847], [69503.46580100441, 18797.934351196847, 6.2261931361404415]], [[5.827692183039946, 57492.346101393756, 44830.76964334255], [57492.346101393756, 6.673331665359338, 23766.561358153373], [44830.76964334255, 23766.561358153373, 5.725927447340189]], [[5.460389804925974, 140869.57228616774, 67054.76320642416], [140869.57228616774, 6.721396707470937, 26119.76276006998], [67054.76320642416, 26119.76276006998, 5.7453919033014484]], [[5.218541389450931, 37612.38965074856, 22552.057853041893], [37612.38965074856, 6.0109982642804, 10184.446253034761], [22552.057853041893, 10184.446253034761, 4.742634234647907]], [[5.505432554954464, 18206.80552041856, 23367.18150401995], [18206.80552041856, 5.419498470863965, 37201.63218684574], [23367.18150401995, 37201.63218684574, 6.174966363175673]], [[5.9751856453648475, 6870.698317121472, 20524.303698728712], [6870.698317121472, 7.582810502251009, 25228.68971515733], [20524.303698728712, 25228.68971515733, 5.325881730855063]], [[5.169582298247135, 17042.486818330413, 27775.22714600223], [17042.486818330413, 5.2753821587091485, 2916.637253283221], [27775.22714600223, 2916.637253283221, 6.149822323510197]], [[6.2951038721472745, 23699.17652357286, 39254.796364071364], [23699.17652357286, 6.690870028244059, 16851.861237489516], [39254.796364071364, 16851.861237489516, 5.239340802990848]], [[6.351135821700434, 89228.12201454492, 3296.5086912100783], [89228.12201454492, 6.105027931611484, 63199.40550094391], [3296.5086912100783, 63199.40550094391, 6.222520730910507]], [[5.659835416657233, 13586.886547728447, 75782.11627890942], [13586.886547728447, 5.9095863446614345, 10801.235088787156], [75782.11627890942, 10801.235088787156, 5.069550060668222]], [[5.983595592606302, 50306.647355810055, 14017.307807684881], [50306.647355810055, 5.263690343682577, 44346.519719667594], [14017.307807684881, 44346.519719667594, 5.880488984281477]], [[5.808031062628783, 44451.19345910842, 21250.687469097495], [44451.19345910842, 5.755637654672632, 5825.472838982916], [21250.687469097495, 5825.472838982916, 5.62691142511726]], [[5.76042976384276, 21475.216982469203, 77292.78893136774], [21475.216982469203, 6.080788497575749, 108671.40120476627], [77292.78893136774, 108671.40120476627, 5.460311821640117]], [[5.7069790977883, 20781.25594547254, 38382.541607623374], [20781.25594547254, 5.737742093327957, 5812.098977846851], [38382.541607623374, 5812.098977846851, 5.914568524540992]], [[5.457518020321868, 7291.71704770346, 3420.680472994937], [7291.71704770346, 5.468466318745505, 8866.377191041685], [3420.680472994937, 8866.377191041685, 5.940075221583349]], [[5.986853595920751, 17438.43479158641, 8187.657171318013], [17438.43479158641, 5.725641180325031, 5042.835650545992], [8187.657171318013, 5042.835650545992, 5.8461858597648435]], [[6.651545137127052, 53562.26597941943, 36746.50450819431], [53562.26597941943, 6.552052229632258, 12435.362525968143], [36746.50450819431, 12435.362525968143, 5.833125123654988]], [[5.411781254785057, 21741.029221291406, 29733.116614363596], [21741.029221291406, 6.3112325896596095, 40423.182510682826], [29733.116614363596, 40423.182510682826, 5.6515693328877825]], [[6.480791457828263, 13683.298219508437, 23973.25356237676], [13683.298219508437, 5.693395226258453, 48564.29154054885], [23973.25356237676, 48564.29154054885, 6.021983205499809]], [[5.566481248189602, 75732.52957131132, 33679.62177553937], [75732.52957131132, 5.504539732387909, 25762.96416388895], [33679.62177553937, 25762.96416388895, 5.781912462025373]], [[5.031877804684097, 95175.77806120072, 88321.4080285962], [95175.77806120072, 5.7237011407572576, 7354.802069195964], [88321.4080285962, 7354.802069195964, 6.564106410503877]], [[5.88640129839671, 29218.072837292355, 92843.09587427824], [29218.072837292355, 6.001258461215856, 38333.73660652705], [92843.09587427824, 38333.73660652705, 5.127639198022844]], [[6.655280785674915, 70833.30454453792, 10534.033224300036], [70833.30454453792, 6.060396931010331, 28751.37650261416], [10534.033224300036, 28751.37650261416, 6.023890605505537]], [[5.273248830396649, 21052.55044292261, 12481.39938462076], [21052.55044292261, 6.5590602751274805, 6173.941647378105], [12481.39938462076, 6173.941647378105, 5.223528111548339]], [[4.915287717912275, 49760.216966470456, 83863.7743080073], [49760.216966470456, 6.105162586912682, 41816.41007349635], [83863.7743080073, 41816.41007349635, 5.662651111863146]], [[6.545506559312674, 19053.12326342814, 12538.515528466818], [19053.12326342814, 5.416920170821276, 17309.515589193656], [12538.515528466818, 17309.515589193656, 5.601551578163177]], [[6.059191298454538, 6313.113985017235, 14651.072484551049], [6313.113985017235, 6.38901514986523, 2751.431841215917], [14651.072484551049, 2751.431841215917, 6.289295574542414]], [[5.748298458814652, 5083.235142725814, 14739.593654489525], [5083.235142725814, 5.825407247454792, 29489.954724622978], [14739.593654489525, 29489.954724622978, 6.151053781817888]], [[5.162375551575948, 72052.57752462952, 33326.94524849745], [72052.57752462952, 6.122706148744055, 2391.018302471414], [33326.94524849745, 2391.018302471414, 4.847968220389079]], [[6.753415732127206, 5673.32906718335, 81982.83207878594], [5673.32906718335, 6.030940049966321, 83917.12377084825], [81982.83207878594, 83917.12377084825, 7.170955898075475]], [[4.958332642673837, 37415.14916831668, 16374.971415102593], [37415.14916831668, 5.354186456892962, 23405.539786130044], [16374.971415102593, 23405.539786130044, 5.831180352281459]], [[6.026930078770509, 24432.959971158347, 46617.160315713474], [24432.959971158347, 6.30477756592524, 47626.53208354924], [46617.160315713474, 47626.53208354924, 6.432655458235437]], [[5.179126825111558, 41208.31460709297, 12373.906237584679], [41208.31460709297, 6.002897640558211, 15207.585398520245], [12373.906237584679, 15207.585398520245, 6.454216499678356]], [[5.339795770192433, 19379.675261395143, 86089.99138216404], [19379.675261395143, 5.638632166140949, 96368.8527758427], [86089.99138216404, 96368.8527758427, 5.175028062679127]], [[5.815527816814453, 5651.590163820455, 5747.635889309005], [5651.590163820455, 5.698190194108904, 19215.215880506326], [5747.635889309005, 19215.215880506326, 5.933838446365123]], [[6.612810609595483, 37939.617804959256, 116328.18689539218], [37939.617804959256, 4.819293271942413, 801.3633465013165], [116328.18689539218, 801.3633465013165, 5.934155671034595]], [[6.071500691549587, 34174.57160611921, 16889.053434127403], [34174.57160611921, 6.729098299121741, 33688.93235413875], [16889.053434127403, 33688.93235413875, 7.24727478163923]], [[5.971703825272141, 10320.48525332228, 20764.94742745217], [10320.48525332228, 5.427183911695052, 1575.887180324344], [20764.94742745217, 1575.887180324344, 6.476588822094116]], [[6.255526782083636, 67235.2905060503, 4696.148685413935], [67235.2905060503, 5.143575559889365, 55314.02083938747], [4696.148685413935, 55314.02083938747, 6.286600498178239]], [[6.377326920288194, 73914.9127812358, 20249.05997857014], [73914.9127812358, 5.3948055470593275, 146762.17488140264], [20249.05997857014, 146762.17488140264, 5.413832070672817]], [[6.005182102929348, 43678.75708840106, 18720.56453650848], [43678.75708840106, 5.681542725974834, 87235.18821510853], [18720.56453650848, 87235.18821510853, 6.688322385610841]], [[5.6985053188743535, 8671.825223922231, 12543.147237291492], [8671.825223922231, 5.594282336446053, 21292.352367759224], [12543.147237291492, 21292.352367759224, 5.990500387826216]], [[5.261651963512322, 24804.689480525227, 39067.207302955816], [24804.689480525227, 5.328996957826385, 11774.341842222957], [39067.207302955816, 11774.341842222957, 6.346121401526408]], [[4.770334135898513, 47181.29122996839, 60990.98658100375], [47181.29122996839, 5.734184804572928, 18756.20220114558], [60990.98658100375, 18756.20220114558, 5.774390472562592]], [[6.274919314768751, 25155.411794441396, 10909.537468951281], [25155.411794441396, 5.6293450088142425, 57644.1733469818], [10909.537468951281, 57644.1733469818, 5.763677730132475]], [[5.684575377797638, 47066.114882641145, 30764.34581714075], [47066.114882641145, 6.200584381683176, 7712.5534006217285], [30764.34581714075, 7712.5534006217285, 6.024996836937134]], [[6.2178415450298905, 92257.54644079262, 24524.306189690815], [92257.54644079262, 5.880482529541028, 92393.62824277894], [24524.306189690815, 92393.62824277894, 5.158609867955708]], [[6.760172834937078, 1656.83890633872, 92038.1656072647], [1656.83890633872, 6.0435481262276065, 41949.15681031482], [92038.1656072647, 41949.15681031482, 6.450234456945352]], [[5.8391739097197695, 10925.133979710008, 44556.45423194663], [10925.133979710008, 6.1099453219758315, 30157.45287828775], [44556.45423194663, 30157.45287828775, 5.868146976834359]], [[6.0358739402602755, 39204.74081142757, 31993.486560485817], [39204.74081142757, 6.014033264670848, 45669.95345000518], [31993.486560485817, 45669.95345000518, 5.7141792297722525]], [[6.319167002144996, 5092.613873698535, 16405.385024622796], [5092.613873698535, 6.950744670632876, 40129.32899963949], [16405.385024622796, 40129.32899963949, 5.677813052415706]], [[5.927429111036693, 59243.44574018698, 24459.113370240513], [59243.44574018698, 6.278105298324667, 11375.70504130885], [24459.113370240513, 11375.70504130885, 5.821534970251446]], [[5.265912825355283, 6906.909958256779, 28563.583502154015], [6906.909958256779, 6.118026087503416, 19423.93954939386], [28563.583502154015, 19423.93954939386, 6.445286023009909]], [[6.505352915998134, 6496.238939330492, 100363.55134244409], [6496.238939330492, 6.667090798622951, 48876.22884761884], [100363.55134244409, 48876.22884761884, 5.558155398220379]], [[6.453184859299269, 5266.80711841498, 15438.135636413012], [5266.80711841498, 5.468798183928284, 22387.0365674991], [15438.135636413012, 22387.0365674991, 6.070463917914636]], [[6.335143753726235, 31977.61389285191, 203657.17355496352], [31977.61389285191, 5.605478904229012, 217986.5629296383], [203657.17355496352, 217986.5629296383, 5.9752633501498025]], [[5.606087861284404, 22435.207525560185, 18161.68770479679], [22435.207525560185, 6.590590062227234, 9712.996104017488], [18161.68770479679, 9712.996104017488, 6.252381640980116]], [[6.356318886881915, 3862.021230022193, 37816.815953383244], [3862.021230022193, 5.75044837310711, 54431.74540783082], [37816.815953383244, 54431.74540783082, 5.559832280159315]], [[5.806364414650023, 31724.604029309387, 42601.820285248454], [31724.604029309387, 6.034300190045412, 53271.15479248222], [42601.820285248454, 53271.15479248222, 5.734400963443111]], [[5.696839034926961, 41687.45196772681, 7591.675417506195], [41687.45196772681, 5.8375313491312735, 17223.889711705273], [7591.675417506195, 17223.889711705273, 5.4953467173916115]], [[6.364858571652695, 5856.888191329335, 57050.1860068348], [5856.888191329335, 5.7115503098864675, 28366.9690377367], [57050.1860068348, 28366.9690377367, 5.328934096397575]], [[5.296073413566808, 24657.095376092442, 79752.35072364153], [24657.095376092442, 6.275382855363742, 66579.02139193556], [79752.35072364153, 66579.02139193556, 5.422607113380236]], [[6.378587744805242, 132734.06646668402, 744.8751097805485], [132734.06646668402, 6.039603046905328, 122312.1056079242], [744.8751097805485, 122312.1056079242, 4.673691935761826]], [[5.759144313554383, 8958.448398468432, 18296.993757671065], [8958.448398468432, 5.258967832818082, 63961.351313102874], [18296.993757671065, 63961.351313102874, 6.481239039234417]], [[5.527316965820708, 14466.315879034468, 16389.15884269273], [14466.315879034468, 5.761525512956084, 46166.634383754434], [16389.15884269273, 46166.634383754434, 6.129585403292208]], [[6.955430410485255, 18807.25640989404, 62654.2235374863], [18807.25640989404, 5.805520442429176, 73209.36814329922], [62654.2235374863, 73209.36814329922, 5.65387833013933]], [[6.421367627685738, 17262.757265382013, 69061.3690091806], [17262.757265382013, 5.721372782988348, 50194.299662770114], [69061.3690091806, 50194.299662770114, 6.523292259766638]], [[6.085108569508396, 15712.15675263767, 13801.655258122739], [15712.15675263767, 5.430466978595101, 67008.4229217131], [13801.655258122739, 67008.4229217131, 6.184340561996858]], [[5.320400242072162, 75466.57840004445, 10944.389942462783], [75466.57840004445, 6.477084463522239, 25398.72596663089], [10944.389942462783, 25398.72596663089, 5.3106067524767155]], [[5.880405918371014, 16154.460942585061, 3500.984865742683], [16154.460942585061, 6.082542532218743, 24819.77566265023], [3500.984865742683, 24819.77566265023, 6.206331591340079]], [[5.34559065430395, 41698.86861840564, 36356.23522392582], [41698.86861840564, 6.27994703047692, 82988.29890928134], [36356.23522392582, 82988.29890928134, 5.683487462191645]], [[5.46563336634831, 13575.157549312671, 31927.543002872255], [13575.157549312671, 5.927571293544414, 3306.749787013054], [31927.543002872255, 3306.749787013054, 5.506764686958502]], [[5.4451639560401945, 25860.421585792825, 8145.363728835997], [25860.421585792825, 6.592445227842374, 5610.623198569922], [8145.363728835997, 5610.623198569922, 4.893999480399198]], [[5.550071201899893, 28393.63784734942, 29369.694587808666], [28393.63784734942, 5.624835373105739, 16744.797373588], [29369.694587808666, 16744.797373588, 6.229857052841011]], [[5.295098987645079, 5963.331106151813, 7422.047814998783], [5963.331106151813, 5.762161766551899, 13262.50406962591], [7422.047814998783, 13262.50406962591, 6.1629215705241895]], [[6.780250174711698, 18334.450824523617, 25457.529838362287], [18334.450824523617, 6.11043059458524, 33183.27541818771], [25457.529838362287, 33183.27541818771, 6.123706640146545]], [[5.011053407328482, 25979.427346696895, 23619.0738726274], [25979.427346696895, 6.737622163860344, 62050.679393949904], [23619.0738726274, 62050.679393949904, 5.580671587442103]], [[6.5889775358477385, 7229.748722868259, 52108.744431199375], [7229.748722868259, 5.406166434400351, 44981.01852797335], [52108.744431199375, 44981.01852797335, 6.17399733167405]], [[5.852963875547697, 55720.57009346489, 29457.533420477175], [55720.57009346489, 6.441270343340562, 49575.922368395855], [29457.533420477175, 49575.922368395855, 5.739508010353815]], [[6.601218769987004, 60440.55475748577, 9286.536906142268], [60440.55475748577, 6.721200754038693, 77537.45202123612], [9286.536906142268, 77537.45202123612, 5.365358368314379]], [[5.660569888859305, 613849.0051004407, 27534.033301513144], [613849.0051004407, 6.039014120114251, 313046.02780009655], [27534.033301513144, 313046.02780009655, 5.888648713384621]], [[5.302650269181258, 2504.556371812371, 49280.4473489905], [2504.556371812371, 5.130898699620847, 53353.34418668878], [49280.4473489905, 53353.34418668878, 5.365071058994301]], [[5.9683692476206165, 5053.572499041693, 41056.113661528005], [5053.572499041693, 6.5413176443891965, 28588.548392255998], [41056.113661528005, 28588.548392255998, 5.871159931331069]], [[6.398878294161889, 19669.103424286546, 126673.32350280651], [19669.103424286546, 5.996235407912326, 30351.602624735322], [126673.32350280651, 30351.602624735322, 5.673093383331027]], [[5.313269219256421, 72511.38786284663, 10329.356806488597], [72511.38786284663, 5.991793344891324, 73378.02224442639], [10329.356806488597, 73378.02224442639, 5.466088941345432]]]"
   ],
   "outputs": [],
   "metadata": {}
  },
  {
   "cell_type": "code",
   "execution_count": 49,
   "source": [
    "mean_components_dist = []\r\n",
    "for i in range(100):\r\n",
    "    matrix = dist_matrix[i]\r\n",
    "    mean_components_dist.append((matrix[0][1] + matrix[0][2] + matrix[1][2]) / 3)"
   ],
   "outputs": [],
   "metadata": {}
  },
  {
   "cell_type": "code",
   "execution_count": 84,
   "source": [
    "model = GMM(n_components=3, priors=[1/3, 1/3, 1/3], means=means[0], covariances=covs[0])\r\n",
    "sample = model.sample(100)\r\n",
    "model.condition([1, 2],[[-3.99763408e+01, -1.67366488e+01]]).sample(1)"
   ],
   "outputs": [
    {
     "output_type": "execute_result",
     "data": {
      "text/plain": [
       "array([[278.22255691]])"
      ]
     },
     "metadata": {},
     "execution_count": 84
    }
   ],
   "metadata": {}
  },
  {
   "cell_type": "code",
   "execution_count": null,
   "source": [
    "dist_c1 = []\r\n",
    "dist_c2 = []\r\n",
    "dist_c3 = []\r\n",
    "for i in range(100):\r\n",
    "    if i in index1:\r\n",
    "        m = means[i]\r\n",
    "        cov = covs[i]\r\n",
    "        sample = GMM(n_components=3, priors=w, means=m, covariances=cov).sample(5000)\r\n",
    "        sample = pd.DataFrame(data=sample, columns=['C1', 'C2', 'C3'])\r\n",
    "        model1 = GMM(n_components=3).from_samples(sample[['C1', 'C2']].values)\r\n",
    "        model2 = GMM(n_components=3).from_samples(sample['C2'].values)\r\n",
    "        \r\n",
    "        \r\n",
    "        "
   ],
   "outputs": [],
   "metadata": {}
  },
  {
   "cell_type": "code",
   "execution_count": 50,
   "source": [
    "rmse_decrease = []\r\n",
    "for i in range(100):\r\n",
    "    e1 = rmse_all[i]\r\n",
    "    e2 = rmse_simple[i]\r\n",
    "    decrease1 = 100 - ((e1['C1'] * 100) / e2['C1'])\r\n",
    "    decrease2 = 100 - ((e1['C2'] * 100) / e2['C2'])\r\n",
    "    decrease3 = 100 - ((e1['C3'] * 100) / e2['C3'])\r\n",
    "    rmse_decrease.append((decrease1 + decrease2 + decrease3) / 3)\r\n",
    "    "
   ],
   "outputs": [],
   "metadata": {}
  },
  {
   "cell_type": "code",
   "execution_count": 41,
   "source": [
    "rmse_all[81]"
   ],
   "outputs": [
    {
     "output_type": "execute_result",
     "data": {
      "text/plain": [
       "{'C1': 0.883, 'C2': 0.031, 'C3': 0.013}"
      ]
     },
     "metadata": {},
     "execution_count": 41
    }
   ],
   "metadata": {}
  },
  {
   "cell_type": "code",
   "execution_count": 42,
   "source": [
    "rmse_simple[81]"
   ],
   "outputs": [
    {
     "output_type": "execute_result",
     "data": {
      "text/plain": [
       "{'C1': 0.023, 'C2': 0.759, 'C3': 0.871}"
      ]
     },
     "metadata": {},
     "execution_count": 42
    }
   ],
   "metadata": {}
  },
  {
   "cell_type": "code",
   "execution_count": 11,
   "source": [
    "uniq_structures = []\r\n",
    "for s in structures:\r\n",
    "    if s not in uniq_structures:\r\n",
    "        uniq_structures.append(s)"
   ],
   "outputs": [],
   "metadata": {}
  },
  {
   "cell_type": "code",
   "execution_count": 37,
   "source": [
    "uniq_structures"
   ],
   "outputs": [
    {
     "output_type": "execute_result",
     "data": {
      "text/plain": [
       "[[['C1', 'C3'], ['C2', 'C1'], ['C2', 'C3']],\n",
       " [['C1', 'C2'], ['C1', 'C3'], ['C2', 'C3']]]"
      ]
     },
     "metadata": {},
     "execution_count": 37
    }
   ],
   "metadata": {}
  },
  {
   "cell_type": "code",
   "execution_count": 55,
   "source": [
    "index1 = []\r\n",
    "for i, s in enumerate(structures):\r\n",
    "    if s == uniq_structures[0]:\r\n",
    "        index1.append(i)"
   ],
   "outputs": [],
   "metadata": {}
  },
  {
   "cell_type": "code",
   "execution_count": 56,
   "source": [
    "index2 = []\r\n",
    "for i, s in enumerate(structures):\r\n",
    "    if s == uniq_structures[1]:\r\n",
    "        index2.append(i)"
   ],
   "outputs": [],
   "metadata": {}
  },
  {
   "cell_type": "code",
   "execution_count": 46,
   "source": [
    "c1_rmse = []\r\n",
    "for ind in index1:\r\n",
    "    d = rmse_all[ind]\r\n",
    "    sample = GMM(n_components=3, priors=w, means=means[ind], covariances=covs[ind]).sample(1000)\r\n",
    "    c1_rmse.append((d['C2']) / np.std(sample[:,0]))"
   ],
   "outputs": [],
   "metadata": {}
  },
  {
   "cell_type": "code",
   "execution_count": 52,
   "source": [
    "plt.scatter(mean_components_dist, rmse_decrease)\r\n",
    "plt.xlabel('Mean distance between components')\r\n",
    "plt.ylabel('NRMSE Decrease in %')"
   ],
   "outputs": [
    {
     "output_type": "execute_result",
     "data": {
      "text/plain": [
       "Text(0, 0.5, 'NRMSE Decrease in %')"
      ]
     },
     "metadata": {},
     "execution_count": 52
    },
    {
     "output_type": "display_data",
     "data": {
      "text/plain": [
       "<Figure size 432x288 with 1 Axes>"
      ],
